79
4 498 495 499 473
4 497 482 496 472
4 492 454 494 470
4 441 493 368 267
4 484 491 462 465
4 486 490 475 463
4 466 433 455 460
4 423 489 285 302
4 452 485 429 448
4 445 439 476 483
4 474 449 451 447
4 443 438 469 480
4 421 457 468 488
4 420 487 367 366
4 369 481 360 365
4 414 477 450 479
4 358 467 434 478
4 471 412 430 419
4 459 461 388 397
4 392 437 424 273
4 458 422 410 428
4 453 337 409 418
4 334 432 440 464
4 333 456 328 272
4 416 352 444 407
4 330 446 282 271
4 371 413 376 387
4 405 326 442 180
4 319 396 436 364
4 306 404 435 188
4 315 378 431 377
4 300 427 426 186
4 286 425 240 269
4 400 299 417 251
4 279 411 415 390
4 252 408 238 250
4 322 385 406 265
4 329 395 373 403
4 401 394 399 261
4 356 389 402 298
4 398 375 320 294
4 266 301 393 260
4 386 256 391 384
4 354 264 380 263
4 353 213 374 379
4 234 351 343 310
4 346 212 339 383
4 344 362 278 292
4 338 277 237 350
4 242 382 189 241
4 197 381 177 185
4 196 372 187 181
4 190 370 163 184
4 363 324 335 60
4 325 165 361 92
4 97 359 64 90
4 323 221 276 336
4 348 218 147 304
4 155 314 236 342
4 345 182 258 357
3 93 355 91
3 349 86 247
3 321 249 158
3 156 245 288
3 210 201 280
3 308 231 154
3 166 347 141
3 120 219 341
3 73 340 230
3 72 193 307
3 47 316 332
3 35 331 22
3 28 327 27
3 33 248 318
3 21 317 244
3 14 313 13
3 12 281 312
3 311 1 233
3 108 262 159
