160
4 12 33 47 165
4 300 326 482 1
4 14 21 256 279
4 299 306 315 322
4 330 421 454 7
4 17 86 154 189
4 212 334 352 358
4 414 492 11 64
4 72 73 120 141
4 156 158 170 182
4 213 266 301 319
4 337 410 443 462
4 484 495 0 38
4 48 52 108 111
4 113 155 166 210
4 221 234 261 264
4 371 376 329 350
4 463 310 434 448
4 486 451 452 475
4 298 34 15 19
4 5 20 60 61
4 147 175 193 187
4 181 236 208 219
4 199 271 240 249
4 288 320 273 277
4 324 356 387 311
4 231 396 292 360
4 258 430 385 405
4 439 445 419 433
4 498 409 455 473
4 31 8 3 6
4 367 18 117 13
4 499 71 23 89
4 10 121 139 65
4 163 123 90 91
4 149 55 159 105
4 188 235 162 177
4 302 242 180 192
4 218 497 201 263
4 328 99 345 283
4 353 294 214 225
4 351 394 230 268
4 400 375 276 278
4 384 449 336 397
4 364 388 467 362
4 392 407 348 437
4 422 203 391 399
4 24 403 412 474
4 424 459 429 431
4 472 438 442 444
4 25 26 16 22
4 32 447 27 128
4 427 41 80 40
4 59 46 44 45
4 29 107 50 54
4 36 70 76 69
4 56 66 112 95
4 100 79 109 92
4 78 81 101 116
4 119 129 114 115
3 104 132 124
3 144 136 151
3 106 152 148
3 138 153 160
3 164 172 174
3 204 198 195
3 233 186 200
3 244 207 217
3 185 251 245
3 254 237 247
3 269 259 267
3 284 274 280
3 304 282 285
3 226 289 307
3 339 325 332
3 295 361 347
3 341 359 363
3 365 372 373
3 377 378 395
3 379 411 401
3 490 453 432
3 468 450 460
3 390 461 446
3 425 494 28
3 35 93 97
3 190 196 197
3 252 286 333
3 369 420 423
3 441 2 4
3 9 30 37
3 39 49 43
3 57 51 53
3 63 58 62
3 42 67 68
3 74 75 77
3 82 85 84
3 83 87 88
3 94 96 98
3 102 118 110
3 103 122 125
3 126 127 130
3 131 133 134
3 135 137 140
3 142 143 145
3 146 150 157
3 161 167 168
3 169 171 173
3 176 178 179
3 183 184 191
3 206 202 205
3 194 215 211
3 209 222 220
3 216 223 224
3 227 228 229
3 232 238 239
3 241 243 246
3 248 250 253
3 255 257 260
3 262 265 270
3 272 287 281
2 275 290
2 291 293
2 296 297
2 303 305
2 308 309
2 312 313
2 314 316
2 321 318
2 317 323
2 327 331
2 335 338
2 340 342
2 343 344
2 346 349
2 354 355
2 357 366
2 368 370
2 374 380
2 383 382
2 381 386
2 389 393
2 398 402
2 404 406
2 408 413
2 415 416
2 417 418
2 426 428
2 435 436
2 440 456
2 457 458
2 464 465
2 466 469
2 470 471
2 476 477
2 478 479
2 480 481
2 483 485
2 487 488
2 489 491
2 493 496
