637
4 5357 8148 9906 3987
4 5121 6404 5583 8785
4 2589 5913 6255 6584
4 421 3629 7710 5231
4 7529 8197 6735 2584
4 1737 9487 5796 8754
4 4386 1756 2395 2861
4 2094 6312 7444 8873
4 998 7569 7923 9612
4 59 6655 7704 7262
4 6632 7796 8452 8407
4 5515 5905 6459 9004
4 2489 604 820 7064
4 398 1729 8189 8733
4 9354 5886 7549 8603
4 1248 5744 9213 4318
4 9529 6839 4848 7108
4 8479 8437 4233 6476
4 9483 5416 9620 6823
4 4574 4100 4449 4004
4 1524 9383 3015 3697
4 1287 3904 7792 9131
4 2545 5427 9618 9247
4 3626 4863 2155 4041
4 2061 6668 7168 2752
4 4644 5363 5570 8004
4 4631 3135 8284 9765
4 2687 7100 2222 8854
4 1492 453 1385 2843
4 1396 6640 8775 2932
4 973 8287 3295 674
4 847 4036 2345 1561
4 370 5090 1423 3505
4 44 2117 3273 7936
4 461 3715 9813 8591
4 5918 5616 6639 2598
4 5251 2096 5592 2935
4 7525 6762 3420 9888
4 8689 2331 864 4147
4 666 4106 1556 8320
4 9959 8119 5001 3825
4 1677 4695 5989 8384
4 1114 6196 8585 9128
4 6756 7819 2459 1388
4 1081 948 5526 8911
4 7577 5211 6613 5083
4 683 4194 2968 4473
4 9818 3149 2819 5052
4 8240 962 3484 7515
4 7863 936 4670 7369
4 8814 8837 2246 8777
4 3942 876 7939 7950
4 132 9256 752 8636
4 3176 684 9267 2196
4 2723 3656 7368 8991
4 8392 4808 2728 3457
4 7208 714 5791 4916
4 5651 6240 9019 2548
4 9614 7101 7290 7945
4 9894 8641 1013 2475
4 371 1101 5602 4090
4 6170 2064 3024 3678
4 3272 2499 9295 2212
4 281 1491 7834 4961
4 110 3795 384 1233
4 4685 7259 839 3647
4 63 5048 9965 7104
4 3765 4579 7937 3302
4 2141 1071 7198 6782
4 1115 6677 2008 2080
4 8152 5945 4405 8058
4 1004 2124 4957 5101
4 7927 7135 4702 4430
4 1707 9986 2070 7201
4 5042 443 7202 1164
4 5773 3463 7961 1734
4 2115 7896 4964 4886
4 8063 7825 2922 4917
4 3499 9568 4983 6495
4 1830 976 5653 7313
4 854 8639 5046 7409
4 5214 1341 6176 4509
4 336 6381 7540 5982
4 2558 9307 3096 5295
4 4788 1146 6107 7136
4 82 1214 4874 8612
4 7757 9305 3607 3047
4 49 6702 3940 6252
4 3792 7595 8608 7543
4 5772 3228 8338 1851
4 818 4135 4322 6168
4 2964 2727 7516 1353
4 5713 636 3293 4925
4 8485 3309 4406 9527
4 7305 2274 9129 6935
4 3896 1210 3566 7551
4 2228 8322 5310 9433
4 887 9866 8745 6550
4 4240 1203 1450 1812
4 1988 4940 5219 1671
4 71 5625 8116 4141
4 7 4131 4185 7326
4 9795 8465 2456 1955
4 1322 9539 3437 3114
4 9552 47 1742 7579
4 7231 766 7145 1934
4 5652 594 5494 4167
4 5383 8851 5873 4637
4 2481 4235 2259 8387
4 4655 4561 7583 1713
4 1094 7359 9690 3042
4 9 532 3686 8803
4 3142 4074 2962 5006
4 2686 2736 4657 9525
4 3196 4475 8553 1895
4 7715 2982 4847 6129
4 1050 9235 9917 4102
4 3844 859 7308 4112
4 9263 7083 3072 4374
4 8375 6957 7032 3357
4 727 2759 7447 8332
4 723 7088 2293 9532
4 8736 7648 1946 8250
4 7196 1568 1591 1724
4 62 8010 4320 9946
4 2340 6882 2045 4619
4 213 6547 9063 2652
4 8767 5777 9196 8193
4 3337 3519 7725 8644
4 2342 9106 4076 1418
4 2726 3155 9119 4402
4 3689 5163 954 4638
4 6178 9966 2060 2544
4 850 992 3672 5172
4 4912 3257 6558 4995
4 5904 6611 6913 5686
4 5729 2085 2642 7851
4 1621 7494 3648 4550
4 4490 9747 7451 3781
4 6534 6038 5931 9344
4 8478 3757 8626 9576
4 8601 6571 403 8997
4 4139 2628 4058 2870
4 8138 5156 3542 3170
4 2749 3775 7862 7643
4 3112 774 2828 7545
4 1433 7464 9302 6567
4 586 8187 4150 2862
4 3593 7814 8397 9275
4 6134 328 9542 7148
4 4390 58 3376 3889
4 120 2323 7673 6927
4 8186 3451 1763 4959
4 5081 8233 2300 9151
4 8865 1383 4044 8267
4 4480 9713 8242 2308
4 7316 9559 6537 3475
4 676 2795 6467 3869
4 201 5366 2814 8115
4 4244 3840 9528 7079
4 9900 8259 7166 8849
4 2213 446 7445 1839
4 18 2036 3708 9243
4 2160 7703 3842 8506
4 6171 5845 6147 5609
4 9320 8616 9605 2305
4 1160 245 4837 9873
4 5540 8079 8094 6359
4 9374 3526 1552 8430
4 6050 3126 2313 8167
4 4284 7267 2123 8101
4 7385 1136 2267 7944
4 1711 1936 3583 5324
4 1049 9514 4551 654
4 778 2023 8036 7466
4 333 2243 3950 8286
4 11 5359 3913 7953
4 2985 6123 8509 1427
4 9921 3106 1509 5096
4 2920 5919 6842 9784
4 7008 6777 3745 5136
4 6580 2944 7726 4498
4 7026 5854 8367 3253
4 7522 5209 2535 9722
4 706 2817 5665 3632
4 687 6481 6300 9289
4 4902 9856 8563 6060
4 8348 2203 2674 3618
4 7922 3899 3083 6582
4 6989 9649 6985 9283
4 7756 8701 9340 9691
4 2282 8834 3002 4151
4 177 6638 7700 5622
4 65 373 1845 9942
4 463 9732 2112 780
4 4965 6313 1767 8721
4 1359 1231 7920 2718
4 8346 1096 9111 4690
4 4516 2572 8026 6316
4 8047 8253 1085 7050
4 7212 2571 1996 2994
4 593 3229 9778 4137
4 5600 1372 1357 8697
4 6363 745 9252 3368
4 3443 3485 4352 3356
4 7209 1817 6329 9366
4 6477 1861 8839 2619
4 522 4951 9751 9968
4 1336 103 5891 4351
4 717 2009 709 9779
4 5962 565 2941 8477
4 2802 251 2351 9325
4 6602 9365 4582 9123
4 4293 257 2647 1510
4 2364 9443 3496 1976
4 9154 3089 4259 1340
4 7330 7629 2905 5793
4 9124 8200 6426 8811
4 2536 7911 3379 8199
4 6666 8751 5909 5492
4 6914 7119 4357 1344
4 9806 9585 6994 7981
4 4557 645 2162 1717
4 1202 9363 8835 5593
4 5544 4884 8003 5239
4 9629 7671 9930 4477
4 7489 1701 5149 6415
4 8614 8923 2957 6297
4 877 3062 3214 8779
4 332 9511 321 7613
4 214 4867 1787 4331
4 171 5330 9546 9974
4 67 8651 4134 8658
4 60 3308 2095 8947
4 6 8501 7057 5518
4 8163 1351 9166 1001
4 1505 8529 8040 1364
4 1883 1965 750 5733
4 9545 1820 9962 5244
4 5332 3750 7934 3730
4 4977 1740 5028 4222
4 5991 296 5236 2776
4 7391 1975 7647 9550
4 2245 6342 4727 6956
4 5970 1249 7972 4711
4 2575 8431 7415 7677
4 3473 1564 4696 9419
4 4572 8056 7153 1800
4 924 9341 5758 8579
4 8990 9569 8449 6188
4 7439 7210 7699 5683
4 7344 8168 8470 1747
4 7824 9426 5529 8418
4 8915 3120 9566 1743
4 5488 9271 791 6738
4 5728 3579 1061 4415
4 6616 4161 2509 2043
4 5808 4717 6042 5835
4 767 3223 6627 1636
4 188 3655 1714 2265
4 1522 9397 7250 797
4 1673 7524 5074 902
4 8866 6742 8607 3830
4 6419 2573 6144 3557
4 6410 8132 5131 6226
4 8659 9853 9797 1508
4 631 3306 6273 9572
4 301 3870 773 3845
4 5553 3167 8548 9626
4 6309 6336 385 8487
4 3834 3978 4043 2089
4 8625 4870 4960 5720
4 1523 6192 8702 5155
4 3673 2952 1200 9250
4 1178 2055 4649 730
4 407 197 2809 9746
4 3087 3271 9048 9843
4 6377 8671 3137 1476
4 4367 7748 9952 4524
4 8940 3905 3791 5610
4 4600 5476 3001 1810
4 2612 5375 1889 4200
4 264 8183 4861 7567
4 96 9718 6769 6384
4 55 5864 8707 1948
4 7436 2486 9689 9871
4 7155 6028 7302 6058
4 4079 432 5308 5170
4 875 9265 3028 1998
4 2912 1483 3278 1228
4 283 1912 8677 6198
4 9507 278 7118 7443
4 4527 4179 8453 3857
4 8172 2353 7253 4607
4 6747 1853 6110 7103
4 8204 85 7412 3367
4 3 8297 5207 8442
3 9078 9755 6010
3 6662 3944 6578
3 2000 7880 6012
3 6981 6483 1140
3 3997 1429 9695
3 4706 7618 8683
3 1040 7603 7095
3 5203 2927 1720
3 5849 915 4532
3 1587 8670 7617
3 4469 7696 995
3 7319 884 9908
3 3885 1253 8932
3 8692 8964 3728
3 7978 5803 6146
3 3508 8750 4474
3 4565 4617 6320
3 8895 1116 1073
3 836 1378 7296
3 3022 4883 8929
3 8722 3877 2877
3 3736 4871 1821
3 1224 6370 8524
3 3561 9599 5197
3 8328 1117 1542
3 1526 1037 9464
3 464 4307 3248
3 6757 3518 634
3 263 9359 6498
3 2585 3375 4038
3 3362 3511 5174
3 7861 9197 1708
3 6367 1923 4786
3 6444 1484 7759
3 3037 559 5902
3 2939 7870 5785
3 1681 1152 7536
3 2627 5462 2937
3 4439 8956 1571
3 1261 1154 6656
3 9425 1684 4521
3 520 7678 5278
3 513 8466 8637
3 9880 6296 970
3 137 2488 9961
3 3892 6938 3853
3 4361 8874 7823
3 7041 5823 9907
3 4292 9849 3107
3 3055 7178 4668
3 2798 8527 4975
3 2592 916 6605
3 5705 1833 6231
3 5341 7255 3769
3 6577 9769 4946
3 7238 5941 5998
3 1712 6965 6389
3 3544 5547 5250
3 6715 9984 5839
3 5441 1361 6220
3 9350 7463 5378
3 7130 7215 7363
3 5271 2566 2600
3 8516 6856 5548
3 760 846 8931
3 9895 5503 2185
3 8239 9014 1726
3 529 9168 1234
3 174 5446 3746
3 7778 5563 4731
3 3969 6752 9741
3 3050 6205 5151
3 9092 8363 525
3 9597 6364 4604
3 6526 2716 2165
3 8714 1765 6583
3 2106 2368 8833
3 451 7149 912
3 172 7218 738
3 688 1601 3134
3 4093 556 139
3 56 145 297
3 6266 7518 4663
3 923 9182 7740
3 5325 5118 208
3 7624 1430 1197
3 6540 1570 5649
3 2766 844 3540
3 3516 9450 1827
3 4990 164 9214
3 1487 3104 1122
3 2295 2221 4230
3 1963 6052 7558
3 5579 8081 8161
3 6396 9121 6133
3 8673 2649 2007
3 5017 3258 4491
3 926 9161 2804
3 5056 1648 5007
3 5948 8824 5013
3 211 1589 7499
3 2407 8293 3674
3 3691 5875 9594
3 5574 9719 8650
3 7839 5899 9390
3 9471 8059 7152
3 8198 9490 8044
3 4627 9246 6721
3 2309 5627 6451
3 2879 7204 2848
3 7983 2484 3276
3 6102 4126 2836
3 628 1010 6680
3 117 7346 9135
3 17 6149 7318
3 10 1015 642
3 2590 87 3029
3 7692 8617 5879
3 480 7752 3677
3 2127 7278 3932
3 2555 8606 2125
3 6036 2811 9776
3 8609 6623 8247
3 3828 8305 5513
3 9588 7151 1825
3 3608 8653 2872
3 6215 6731 2516
3 3239 8652 7954
3 178 206 9382
3 900 597 1943
3 656 6193 931
3 9580 6157 9414
3 1866 2538 4555
3 289 6256 4859
3 3973 3692 1620
3 6645 1856 7375
3 1847 9286 4522
3 9276 1876 4650
3 4671 1735 9852
3 5487 7888 3527
3 6350 8578 9499
3 8258 1464 3092
3 1311 6685 1129
3 3480 6703 1632
3 1159 2697 5061
3 6531 5824 4170
3 3891 3808 1393
3 1056 590 6152
3 28 3132 8134
3 1819 2226 4792
3 4496 8537 1205
3 7105 4573 5559
3 8434 5815 9637
3 9241 8468 2999
3 5058 9238 5981
3 6111 7764 1260
3 307 834 6206
3 6443 2732 9799
3 6984 9407 142
3 4055 124 3895
3 4997 1877 1718
3 53 7475 6053
3 6228 1994 2705
3 151 6741 8684
3 1888 4054 8967
3 8342 4933 7777
3 1642 9602 5094
3 7884 9748 3573
3 7875 1874 9326
3 589 4725 5371
3 4636 7361 6306
3 9761 9714 7734
3 7610 9675 7542
3 4857 9165 8907
3 7413 6676 9864
3 1562 9530 2490
3 4611 4661 2190
3 7993 9730 4091
3 290 4442 4875
3 2428 1884 7286
3 5710 6932 4865
3 4814 8035 7512
3 4692 2091 5418
3 8032 7219 2765
3 253 540 6628
3 236 3980 3297
3 1704 6557 1445
3 9376 1837 7406
3 5794 3924 3839
3 6849 6155 7659
3 7526 4774 8423
3 6651 8123 7003
3 4716 6827 9896
3 7841 5644 4989
3 3945 3654 3802
3 5517 4066 3558
3 4592 5235 7662
3 2241 4703 9523
3 8176 9976 2254
3 5044 7090 4381
3 3912 8241 4926
3 4506 5035 4656
3 2565 6326 9220
3 9016 2887 6733
3 4187 5916 5474
3 4363 2854 6365
3 3531 4771 3498
3 6366 4904 7594
3 898 7074 4410
3 735 2020 5671
3 362 1440 2806
3 7382 5020 1595
3 1282 7733 3553
3 648 2006 4064
3 9650 6976 2461
3 534 6380 1598
3 1023 4773 4089
3 6289 7374 3567
3 8333 358 4559
3 5530 7356 1467
3 7683 5355 5205
3 2400 7432 9922
3 8597 6794 9848
3 9456 6673 7037
3 1406 2457 8861
3 9453 1723 5389
3 3422 6988 960
3 1332 6076 2783
3 9368 5898 9988
3 4412 6436 1533
3 4879 1471 5336
3 4639 489 8432
3 1339 6361 3906
3 8019 2081 7914
3 9468 2320 6800
3 7785 5178 1584
3 9879 5086 3760
3 210 4375 2907
3 9561 6857 4495
3 1609 404 7310
3 147 6490 3718
3 8715 622 8889
3 4720 2375 2389
3 1422 8938 7768
3 3323 2401 6514
3 6778 4766 7818
3 5869 8153 4478
3 5457 6528 7821
3 3704 3145 5633
3 9192 8376 8894
3 9072 7426 8150
3 7419 8043 9684
3 2381 8898 8954
3 5551 9043 6784
3 9726 7249 5856
3 7534 1529 8823
3 146 7943 6016
3 8648 689 396
3 33 909 4011
3 2462 3244 3582
3 3595 5489 8299
3 7230 9361 7530
3 3617 3882 5865
3 5461 4452 5467
3 9703 2874 7013
3 2398 3914 3983
3 3966 5920 3352
3 1021 7175 4057
3 737 2260 2191
3 7990 6870 3153
3 6340 7917 9222
3 9971 6208 3749
3 8845 3559 9429
3 9631 5901 8325
3 1930 9143 6585
3 7592 2129 3299
3 5255 7010 1952
3 1922 5380 7770
3 4907 7480 7116
3 9122 5776 5832
3 3371 8425 6202
3 7956 4026 4823
3 6466 4953 5085
3 7454 5522 8746
3 635 9828 8712
3 1512 198 8679
3 804 1090 4202
3 150 6834 3985
3 39 512 4467
3 3188 1886 9667
3 5531 2134 9802
3 7966 6421 5724
3 9734 6649 9549
3 947 7596 1507
3 9221 9062 8682
3 9183 3075 7809
3 5556 9091 359
3 835 3339 5615
3 9573 5908 7689
3 1761 4640 2148
3 8238 9606 4124
3 3811 7221 6724
3 6705 4704 6574
3 6184 3136 7964
3 8519 3129 9868
3 3564 9173 6873
3 3011 4208 4887
3 8196 2167 1100
3 3428 6446 1822
3 6700 7970 7220
3 3322 4016 1256
3 170 2924 5896
3 45 711 8276
3 1347 8264 2277
3 7731 149 2024
3 32 7186 3991
3 2343 8263 9096
3 300 5047 6243
3 6811 8632 0
3 3641 6203 5584
3 7876 9459 8517
3 6248 849 4514
3 5451 5566 2707
3 6160 8908 5756
3 678 6637 8133
3 471 5939 5164
3 3694 8562 7975
3 7425 7984 4465
3 5954 9068 3724
3 6553 5166 8027
3 2495 6903 7424
3 6659 2467 9583
3 6522 2278 9987
3 611 9891 9996
3 4335 6681 6015
3 8752 9328 7386
3 5277 5947 6596
3 5362 5040 2983
3 5836 9721 5240
3 2367 3127 8160
