1628
4 8409 865 3893 728
4 9491 8502 2564 4337
4 287 2227 643 9179
4 356 5192 3541 4392
4 4948 3178 3186 5514
4 7544 3353 6425 7163
4 7640 5725 6301 6897
4 7878 9152 7216 8886
4 2179 8298 7642 9225
4 6541 1971 108 616
4 2418 819 1574 1958
4 5060 862 1652 4468
4 8068 2805 2288 5329
4 4355 1277 4789 3006
4 5182 1841 5206 6513
4 7019 8534 4226 4714
4 5578 6213 5254 5663
4 7229 3753 9647 5718
4 7795 5550 7298 6904
4 1227 9710 7546 8870
4 9863 8645 9100 9367
4 3425 2163 784 425
4 1495 9406 3798 5424
4 6387 2841 4143 6087
4 186 2563 4508 3536
4 3438 867 5534 5612
4 5658 5741 2239 4598
4 7087 5848 4634 5952
4 7948 1809 5825 8740
4 733 9553 6796 8141
4 6629 9172 8310 8941
4 6814 9885 9329 9617
4 378 3712 5121 2344
4 9232 9870 348 4791
4 2318 1376 1479 800
4 226 1661 1700 1563
4 3209 2435 7349 2689
4 4693 2577 3812 6620
4 9423 3208 1615 8564
4 9570 5573 9590 6484
4 9582 769 5771 5958
4 7091 9158 5510 7556
4 383 719 189 2152
4 347 2201 3917 1685
4 7799 9346 4518 1099
4 5611 4290 4906 8103
4 128 789 4986 9314
4 7333 6748 8309 7365
4 7441 7434 8321 6125
4 1403 9876 8771 9862
4 4403 4726 6253 9555
4 3213 5316 1196 1494
4 5409 7541 1788 2470
4 1235 1949 6701 958
4 349 1909 7060 2586
4 6917 441 2012 5183
4 7758 4211 1131 7580
4 4939 633 7835 7140
4 415 8086 8347 7946
4 2451 7459 5294 9205
4 9819 9954 8064 8493
4 361 6692 203 703
4 3784 291 831 863
4 4709 1119 2550 1230
4 1799 2382 1284 1679
4 1180 3327 1868 5379
4 6456 3859 2356 2878
4 8282 1993 8686 4996
4 8379 6279 5343 5148
4 9323 3860 3949 6457
4 1188 8080 8960 9737
4 693 509 388 405
4 4 280 1818 1323
4 1611 935 9999 1335
4 5694 5410 1732 2035
4 4621 5779 2384 2498
4 7479 7669 3821 3247
4 8412 7807 7965 6843
4 9372 8406 8726 7507
4 782 1105 2483 8875
4 2324 227 1133 922
4 4950 5833 1111 1046
4 200 258 3787 2789
4 4330 4344 1135 7251
4 4254 4633 3394 6407
4 4632 5051 6233 4675
4 6085 8410 4664 2579
4 8970 7753 5699 4734
4 8784 8985 9102 7307
4 268 1074 9663 8955
4 2378 5977 318 983
4 9807 1987 2373 4461
4 1553 5844 811 1029
4 376 9604 2386 2311
4 2942 3639 2405 2541
4 662 7791 6500 3386
4 8791 6983 3389 9636
4 9701 3292 4979 4107
4 2086 8461 5356 7667
4 9742 6635 8523 9724
4 3922 276 339 518
4 702 718 747 841
4 897 994 1048 1067
4 1255 1365 1721 1913
4 1926 2037 2040 2078
4 2090 2130 2276 2458
4 2667 2670 2714 2815
4 2851 2938 2965 2973
4 2984 3160 3190 3200
4 3236 3359 3462 3709
4 3713 3779 4068 4201
4 4303 4338 4348 4499
4 4597 4673 4745 4869
4 5695 5143 5344 5348
4 4927 5704 5871 5930
4 6013 6071 6091 6092
4 6204 6207 6322 6608
4 6667 6732 6877 7027
4 7070 7084 7242 7411
4 7538 7609 7630 7701
4 7762 7765 8184 8315
4 8385 8427 8627 8705
4 8769 8943 8973 9049
4 9058 9064 9288 9402
4 9472 9518 9827 9831
4 2508 2030 173 342
4 2676 2410 491 6371
4 2715 8164 741 4425
4 7322 3827 794 3199
4 5005 9533 8374 6158
4 7399 9148 8602 6434
4 9186 9557 3385 9162
4 5327 9644 8491 9632
4 7092 8731 4371 9717
4 1918 7992 5177 409
4 2825 3008 621 4220
4 3756 2883 3819 5413
4 5187 3866 6242 1534
4 5266 4369 5885 1992
4 6254 6420 872 6647
4 7627 7706 8725 4810
4 8136 9773 4273 8872
4 9897 9342 7340 7820
4 1554 1045 148 1206
4 917 3799 3267 821
4 1969 1329 4323 984
4 5210 1439 195 4435
4 3935 2747 1063 3794
4 1897 69 1415 6678
4 7712 1705 2934 3225
4 5957 7636 4978 5643
4 7228 9609 5073 5399
4 8857 4651 7069 9282
4 9925 7832 9977 8148
4 652 605 508 2166
4 2503 435 1731 3058
4 1610 2884 3620 3227
4 4032 2427 4103 901
4 4260 2803 3144 3474
4 3466 437 4535 5045
4 4214 5167 7093 2873
4 312 6499 4356 5265
4 5361 5883 4237 7736
4 483 5840 7033 6234
4 7547 6480 5979 5853
4 2172 9963 5470 7276
4 4807 8879 7938 7243
4 9362 8613 7264 7393
4 9159 9327 7408 8728
4 6174 7165 8758 1305
4 179 194 2500 2330
4 987 4860 2425 3636
4 4822 2996 4758 5745
4 6901 6675 4372 5340
4 6077 6841 8770 5508
4 8142 9775 5350 8778
4 1654 7588 7793 7172
4 9822 8395 7097 7416
4 8780 6654 8535 8507
4 9070 7915 8570 9011
4 4224 2556 111 192
4 3530 118 184 209
4 9787 2170 3879 7427
4 4732 596 6187 2769
4 303 4972 2206 4890
4 4891 8144 8311 3984
4 6853 3082 7059 4577
4 8117 3476 9415 7789
4 9749 7639 9380 8877
4 1142 8786 1614 729
4 5557 482 2520 1831
4 3777 4285 3044 3189
4 7578 5279 6141 4376
4 7086 7561 4175 9218
4 8114 9421 7883 5107
4 7098 8038 7942 8224
4 478 1728 8975 8405
4 9931 8417 7856 8361
4 5067 6128 9571 9264
4 908 2812 230 274
4 8961 1695 1485 2485
4 3727 1517 5983 2512
4 121 7741 3716 2974
4 1972 5993 4523 3493
4 2771 2808 6156 4724
4 6902 4952 8244 5906
4 3717 6614 7590 6308
4 8135 9556 6411 7075
4 9436 5747 8061 8272
4 5696 1496 781 4899
4 4699 1350 2098 2039
4 6559 4470 3685 4232
4 6720 7077 5483 6177
4 6833 1625 8002 7187
4 7045 7483 6682 6937
4 9793 5504 7606 7847
4 156 8530 8075 9031
4 8009 8462 833 4098
4 61 256 311 2532
4 2110 507 2272 1177
4 2271 2827 1226 1283
4 2602 5304 1749 4845
4 424 5617 4333 3635
4 6429 5533 4063 5213
4 6428 1937 6607 5870
4 8011 7017 6265 6545
4 574 5727 8110 7864
4 8542 8045 8220 8561
4 7730 8880 8698 9126
4 8500 8797 9736 36
4 125 971 981 1019
4 1089 1144 1314 1325
4 1456 1458 1730 1785
4 1855 2069 2302 2445
4 2491 2644 2679 2780
4 2844 2865 2869 2923
4 3093 3151 3388 3404
4 3556 3589 3627 3701
4 3711 3921 3979 4125
4 4166 4304 4364 4454
4 4471 4590 4654 4799
4 4905 5109 5230 5354
4 5374 5390 5565 5571
4 5654 5673 5735 5976
4 6061 6067 6194 6386
4 6422 6588 6758 6793
4 6802 7304 7722 7754
4 7784 7816 7837 8243
4 8301 8515 8622 8706
4 8843 8949 9109 9191
4 9279 9310 9422 9442
4 9452 9510 9541 9731
4 428 682 866 81
4 1006 1804 1326 795
4 1501 3059 1513 3053
4 1634 3108 1753 1171
4 4588 2298 2231 4297
4 2657 5783 4440 1696
4 3307 3690 6971 4876
4 4980 2447 3023 7533
4 5262 4427 5158 1917
4 4913 8159 5023 1984
4 8494 5377 5382 7337
4 8556 5938 6026 7550
4 5260 7404 7248 8868
4 7068 8635 9357 4966
4 9457 9498 9686 9301
4 3469 1622 903 406
4 803 959 1166 1703
4 4262 2252 3993 538
4 6998 5008 5754 1789
4 5480 7022 7139 3268
4 7030 7367 5907 4305
4 8190 6293 8441 6075
4 7711 7292 7682 7830
4 7929 7833 8473 6539
4 8850 8924 7138 9296
4 9007 9521 9910 6551
4 9758 9809 9997 9932
4 6404 5632 1275 2310
4 182 2357 1762 1932
4 1307 3266 3534 2673
4 2393 3846 2900 3361
4 2583 5585 5472 5910
4 3205 6257 6237 6021
4 4591 6617 6098 6412
4 4770 7584 8592 9823
4 8968 7453 7514 8555
4 1191 421 4843 4060
4 7067 3854 1824 668
4 2645 3286 1149 2138
4 603 3705 3154 3416
4 4453 3963 4019 4283
4 658 4048 5926 4923
4 5281 5010 4851 4893
4 6393 4830 6533 6519
4 4793 9042 5900 6799
4 5693 6848 7129 7102
4 6859 7281 9698 7688
4 7523 9044 9548 9577
4 2589 5913 25 9297
4 224 275 341 452
4 2385 921 1190 1612
4 3382 2546 2664 2026
4 698 3591 1878 2961
4 3994 3810 2928 3611
4 1770 2899 4911 4236
4 9311 3803 7000 5640
4 7574 6454 5100 5430
4 3169 4571 6961 6222
4 8001 6643 8085 7658
4 9189 7071 7985 9411
4 6040 8541 9861 9914
4 526 582 746 659
4 3990 54 238 972
4 2656 319 468 1775
4 3523 2662 1302 2153
4 6031 5809 2280 2709
4 27 7852 3454 3619
4 5828 3696 5838 4009
4 886 6509 6195 6334
4 7782 4691 6185 6592
4 8000 5538 8554 6290
4 3719 6119 6862 6923
4 7890 8231 8334 9270
4 9972 9229 9146 9204
4 6255 9101 9554 5583
4 9059 1134 1873 999
4 1777 412 1316 2038
4 3754 1667 5386 2980
4 180 5549 3156 3413
4 2525 6391 4525 4821
4 4209 6491 6772 6283
4 7261 6199 6516 7488
4 8034 6850 8109 7504
4 5635 7011 9933 9024
4 8118 9720 9825 9906
4 8785 3629 6163 4034
4 379 1880 573 1087
4 2154 2010 1308 1725
4 422 1237 3645 3383
4 5257 5697 4556 4174
4 2758 3843 4581 4252
4 6792 4520 5014 4987
4 4132 8098 5859 5778
4 8318 8546 5949 7222
4 8757 5227 9336 8508
4 4705 8344 9150 9400
4 154 1401 533 1374
4 360 583 1915 986
4 911 1290 1664 3340
4 3628 2431 3201 2733
4 3643 2706 2858 3546
4 4976 3788 5049 4438
4 5342 5406 5029 5108
4 5527 5539 5153 5466
4 7042 4062 5619 5820
4 7822 6631 7005 7183
4 1964 7882 7921 8511
4 9164 9321 9638 9833
4 3816 6584 883 302
4 9929 2192 575 630
4 2279 1147 1148 3088
4 2807 3992 3035 2553
4 3301 3464 2083 3275
4 4929 1497 3752 4251
4 4681 5912 4450 4973
4 93 5338 5229 4832
4 4426 4483 5280 6260
4 5287 5681 5682 7607
4 5774 7142 6549 6686
4 6485 7573 7783 7986
4 9560 8796 8862 9055
4 8420 259 344 495
4 506 625 779 1017
4 1169 1379 1428 1434
4 1455 1769 1844 2145
4 2366 2637 2735 2753
4 3032 3056 3148 3319
4 3430 3490 3699 3826
4 3957 3960 4015 4024
4 4051 4081 4152 4181
4 4199 4253 4342 4350
4 4396 4606 4872 4897
4 4941 5033 5650 5405
4 5050 5893 5984 6004
4 6241 6820 6872 6970
4 7053 7244 7317 7328
4 7456 8048 8279 8467
4 8483 8693 8782 8887
4 8892 8905 9053 9396
4 537 1399 1265 322
4 1065 1436 1954 823
4 2770 1766 2377 1551
4 3259 3455 3602 2186
4 4231 2988 3329 2202
4 3616 3662 4165 4762
4 4752 6039 4622 2886
4 5700 8380 4769 4388
4 5113 5162 6508 6554
4 9171 8304 6694 4517
4 9319 8860 8012 5498
4 9451 8816 9239 6511
4 9712 9783 9816 6776
4 546 888 1238 1002
4 1540 1424 2104 493
4 2895 1613 273 3191
4 4263 5444 1298 2121
4 3796 4379 5535 3074
4 7217 5819 6079 4667
4 5814 8232 7844 5766
4 7167 7481 7717 6074
4 7848 7829 8275 7652
4 8203 8695 8957 7661
4 9586 8761 8992 8439
4 9097 9057 2603 8545
4 9370 9608 9176 9281
4 9509 9940 9399 9715
4 7710 1737 2423 2889
4 1920 2380 1162 1444
4 3399 938 2439 4505
4 814 6821 3623 3586
4 2823 2963 4928 4754
4 4545 5453 5099 5333
4 4954 5448 6319 7099
4 8747 6570 6704 6690
4 6493 6606 8988 7467
4 7266 9248 8984 9245
4 9869 9284 9592 9664
4 8455 9812 3987 7529
4 5231 1405 598 1583
4 394 626 826 1187
4 1854 2128 1462 1558
4 660 3671 3343 2691
4 3804 6007 3256 3759
4 5141 2051 4354 4594
4 5512 7342 4641 4806
4 734 6212 6000 6054
4 6618 6109 7179 6343
4 4457 6337 7716 6714
4 6390 7321 7564 8599
4 9386 8359 8604 9107
4 7668 9500 9060 9474
4 8685 161 677 1198
4 3049 1559 3057 2839
4 3041 3338 2157 3133
4 4464 1581 2906 4157
4 697 4666 4050 4602
4 3220 5811 5120 5225
4 4813 6400 5463 5890
4 6788 5915 7270 6939
4 8474 8768 6284 8104
4 9050 6088 8951 8972
4 5299 9322 9536 9851
4 9981 269 2522 1521
4 2797 1808 1882 2597
4 1478 3492 3027 3348
4 5742 3503 4956 4059
4 5188 5238 4269 5133
4 6142 3916 6065 5921
4 2537 6797 7061 6753
4 7279 6474 7015 7239
4 5273 8251 8228 7872
4 9020 7626 8415 8624
4 9051 8540 8713 9434
4 7431 9634 9375 9345
4 4386 9298 9890 2094
4 72 5796 9487 6868
4 9041 1020 51 686
4 38 695 1082 1575
4 2415 2551 3321 2504
4 7381 2502 3695 3467
4 2424 3110 4184 4444
4 6435 6143 5419 5782
4 6730 5032 6441 6650
4 4739 6804 7745 7919
4 8628 8214 8429 8855
4 9145 9821 8794 9010
4 8147 8610 6735 8197
4 1412 1333 881 965
4 837 1580 1059 1466
4 2161 1597 1658 1942
4 3173 2116 2200 2420
4 871 3242 3585 3391
4 2436 3495 2890 3813
4 4247 4768 6006 4002
4 6055 5973 3217 5807
4 6562 3210 6018 6339
4 2692 6743 7660 6921
4 6751 7989 8128 8155
4 8559 9259 9240 9193
4 9682 8819 9312 9479
4 8560 1756 2584 8754
4 998 4327 4802 786
4 255 323 895 1413
4 2695 2740 1635 2066
4 1541 1594 3222 2773
4 5150 2821 3373 3444
4 5469 3502 4701 4819
4 2543 5816 5274 5740
4 6905 5851 6402 6832
4 5038 7433 7334 7306
4 8463 7058 7343 7766
4 6924 7855 7732 7772
4 7656 7900 8381 8742
4 9175 8446 8881 8933
4 8419 9473 9706 9648
4 9623 41 523 653
4 2147 338 1297 672
4 3325 638 3030 1547
4 3669 1518 1579 3577
4 181 4672 6136 4018
4 1802 5117 4616 4737
4 3785 5607 7988 7047
4 7982 6288 6354 7623
4 6230 8065 8248 8596
4 9478 8605 8836 9032
4 8331 167 223 724
4 989 1033 1185 1241
4 1310 1408 1448 1617
4 1676 1772 1901 2760
4 2767 2845 3094 3100
4 3116 3152 3215 3245
4 3287 3393 3459 3642
4 3815 3829 3868 3908
4 3970 4039 4086 4159
4 4180 4349 4755 4760
4 4864 4999 5092 5447
4 5486 5555 5560 5826
4 6066 6200 6523 6597
4 6909 6916 7107 7160
4 7358 7376 7378 7455
4 7477 7503 8024 8041
4 8157 8188 8255 8428
4 8764 8953 9012 9040
4 9112 9147 9351 9412
4 9455 9480 9640 9666
4 9808 9878 9916 9949
4 9979 9980 2395 6655
4 12 759 768 450
4 1846 2168 2510 1077
4 2611 1973 1000 1902
4 130 175 2866 2635
4 2108 2936 5596 3195
4 5055 3419 3707 5147
4 3117 4373 7052 6401
4 6773 5614 5678 6919
4 8073 6749 7211 7245
4 8039 7258 7332 7654
4 9190 7781 7827 7916
4 4846 8615 9506 9837
4 8646 6312 9990 2861
4 9233 59 7923 7569
4 2452 308 627 961
4 169 988 2314 2218
4 2993 2325 2587 2725
4 1168 2782 2831 3091
4 4040 3928 4148 3863
4 3070 4648 3663 4077
4 3240 4153 4177 4718
4 5241 4829 7857 5169
4 4797 6416 5018 5286
4 4896 6621 7268 6216
4 5877 7527 6269 6392
4 5889 6619 6845 8053
4 7007 9098 9881 7704
4 5515 9612 6632 7444
4 531 271 411 449
4 2 974 776 940
4 600 1060 1306 1407
4 1693 2517 2175 2372
4 1947 2745 3086 3600
4 3700 3790 4160 4020
4 4885 4205 6101 5072
4 6162 4710 4715 5259
4 6708 6154 6166 6468
4 6999 6542 6579 6737
4 8396 6948 7040 7066
4 9212 7808 7272 7492
4 8533 7081 8356 7871
4 9255 7638 8365 9685
4 4014 9023 9815 9854
4 517 8873 7262 315
4 9832 805 215 1075
4 1499 326 1278 1079
3 106 515 2049
3 2511 2526 2757
3 2948 3409 3150
3 4393 3335 3426
3 3080 5601 4609
3 3479 5252 5698
3 5569 5788 6754
3 6186 7131 7372
3 7405 8008 8257
3 9027 9046 8927
3 8499 8662 9120
3 9188 9964 1095
3 466 1857 1207
3 1139 1317 1944
3 2013 2082 2142
3 3477 2882 3254
3 4486 3279 3488
3 2562 3670 4258
3 4575 4971 5030
3 5428 5272 5351
3 5068 5589 5757
3 5965 5978 6081
3 6179 6382 6344
3 6278 6763 6969
3 7109 6947 6967
3 6912 7111 7125
3 7246 7531 7394
3 7299 8703 8681
3 8303 8717 8890
3 8998 9438 9601
3 9814 9865 8452
3 2489 7796 5905
3 191 309 314
3 448 939 1158
3 1395 2370 2518
3 3138 2959 3073
3 2552 3333 3497
3 3522 4938 4384
3 3898 5439 5376
3 5282 6082 5887
3 5884 6615 6358
3 6341 6968 7311
3 8211 7973 8131
3 7719 8312 8805
3 9139 8826 8891
3 8749 9226 9081
3 9000 9330 9484
3 9495 9646 9669
3 9673 9694 398
3 8407 3084 6787
3 542 997 1216
3 1273 1358 1588
3 1813 1924 1929
3 2842 2426 2569
3 1941 2908 2847
3 2681 3090 3025
3 2916 3165 3193
3 3202 4027 3637
3 3346 4676 4794
3 5080 5297 6153
3 6745 6453 6591
3 5786 6808 6876
3 6854 7513 7072
3 8154 7949 8052
3 7055 8173 8944
3 9324 9693 9884
3 820 6459 604
3 1729 9004 1619
3 77 485 298
3 202 571 641
3 799 1153 1113
3 1102 1252 1258
3 1437 1477 1511
3 2363 1706 2029
3 2921 2122 2607
3 1525 3118 3405
3 3450 4218 4287
3 4513 4614 4780
3 5215 5516 6024
3 6330 7327 7159
3 8373 7465 7528
3 6830 8549 8581
3 8600 8661 8744
3 9448 9099 9410
3 9021 9774 1248
3 7549 7064 4848
3 228 272 498
3 521 690 720
3 798 910 870
3 806 964 1097
3 1107 1182 1470
3 1690 1838 2211
3 1881 2126 2653
3 2492 2931 2834
3 3102 2966 3095
3 2622 3164 3211
3 3961 3415 3487
3 3350 3977 4389
3 4660 4507 4625
3 4445 4741 5328
3 5417 5437 5576
3 5581 5717 5837
3 5790 5985 6094
3 6201 6209 6470
3 6933 6556 6633
3 6375 7392 7184
3 7154 7458 7655
3 7802 7958 8209
3 9447 8820 9360
3 8569 9505 9886
3 8603 9991 5886
3 9829 8733 8189
3 8437 9354 9529
3 306 486 481
3 764 549 577
3 1348 829 1989
3 418 1465 1460
3 2540 1911 2505
3 1254 2636 2663
3 3064 3157 3341
3 3680 3417 3472
3 4377 4443 4334
3 3395 5365 4421
3 4272 5493 5509
3 5595 5924 5968
3 6069 6108 6314
3 7156 6447 6871
3 6445 7174 7171
3 7120 7484 7585
3 7845 8087 7987
3 7977 8221 8265
3 9006 9087 9217
3 9465 9696 9625
3 9610 9800 52
3 116 135 266
3 368 470 524
3 528 569 680
3 713 927 1025
3 1104 1108 1123
3 1236 1274 1343
3 1457 1662 1748
3 1752 1757 1776
3 1893 1938 1940
3 1950 2132 2286
3 2640 2721 2778
3 2832 2871 3198
3 3435 3525 3572
3 3732 3751 3755
3 3876 4111 4130
3 4145 4310 4418
3 4580 4680 4686
3 4749 4759 4812
3 5069 5394 5403
3 5597 5684 5818
3 5878 5937 5971
3 6048 6086 6182
3 6190 6217 6251
3 6295 6303 6369
3 6461 6658 6855
3 7029 7203 7379
3 7396 7575 7738
3 8217 8226 8271
3 8300 8416 8445
3 8481 8574 8587
3 8649 8678 8974
3 9113 9132 9317
3 9334 9395 9445
3 9477 9537 9708
3 9782 9796 9817
3 9947 9967 9992
3 6839 9213 4449
3 5744 4318 4574
3 1524 9483 4100
3 112 544 299
3 114 607 1039
3 1211 1555 1764
3 1832 1862 1864
3 2700 2433 2633
3 2352 2909 2933
3 3453 3158 3414
3 3644 3434 3529
3 4271 3549 3852
3 3109 4365 4422
3 4441 4466 4733
3 4828 5263 5275
3 5347 5364 5473
3 5929 5722 5892
3 6634 6945 6622
3 6881 6009 6880
3 5479 7162 7260
3 7364 7858 8532
3 7797 8763 8595
3 8812 8503 8631
3 7840 9084 9371
3 9811 9788 9794
3 9547 9905 6823
3 3904 4233 3626
3 7108 8479 5416
3 9620 566 1066
3 88 536 671
3 1195 815 880
3 1850 1289 1599
3 2365 1829 2229
3 763 2359 2515
3 2658 2665 2756
3 2897 2955 3019
3 3486 3194 3296
3 3051 3823 3871
3 4122 4417 4712
3 4721 5088 4937
3 4738 5495 5423
3 5322 5568 5691
3 5961 5925 5928
3 5792 5964 6167
3 6535 6644 6930
3 7651 7360 7511
3 7257 7749 7887
3 8062 8170 8969
3 8219 9117 9030
3 8676 9316 9369
3 9934 9943 1287
3 2545 6476 9383
3 260 329 391
3 1016 777 822
3 423 1183 1320
3 1355 1447 1557
3 1585 1631 1647
3 1811 1890 2176
3 2863 3016 2348
3 3243 3310 2978
3 3427 2285 3363
3 2052 3780 3633
3 4584 4158 4416
3 3440 5222 5176
3 5009 5404 5680
3 6224 6033 6151
3 6395 6282 6285
3 7637 7001 7192
3 8495 7474 7628
3 8345 8077 8278
3 5862 8883 8557
3 8513 8655 8893
3 9082 9393 9469
3 9662 9772 9839
3 4004 3697 1396
3 9131 5427 4041
3 2238 1474 1582
3 3018 2651 2659
3 904 3177 3187
3 3218 3251 3360
3 3734 3772 3797
3 4025 3897 3968
3 3847 4028 4309
3 4642 5003 5095
3 5298 5321 5384
3 5591 5969 5888
3 5734 6049 6183
3 6783 6986 7283
3 7493 7690 7401
3 7383 7842 7735
3 7398 8174 8469
3 8594 8748 9074
3 8832 8882 9155
3 2061 973 370
3 9224 3015 847
3 4863 2155 9247
3 9804 4644 7792
3 6668 3135 4631
3 2222 1492 5070
3 646 380 587
3 91 609 812
3 1686 1186 1550
3 1145 1999 2100
3 2594 2224 2614
3 3255 2301 2693
3 3471 2703 3328
3 2075 3494 3625
3 3901 4494 4191
3 4108 4512 4533
3 4610 4728 4740
3 4763 4962 4985
3 5624 5296 5537
3 5767 5543 5674
3 5063 5940 5963
3 6305 6321 6438
3 7345 6815 6593
3 7417 6496 7063
3 6458 7611 7773
3 7897 8443 8660
3 8730 8831 8762
3 8739 9470 9628
3 9723 9733 9618
3 2752 5363 7168
3 2687 2843 5570
3 44 453 4360
3 700 567 650
3 555 928 1035
3 1176 1295 1337
3 1608 1435 1454
3 1346 1859 1970
3 2107 2140 2561
3 2660 2997 3667
3 3722 3988 4006
3 4547 4229 4300
3 4198 5015 5057
3 5105 5542 5689
3 5690 5709 6518
3 6543 6767 6860
3 6866 7347 7241
3 7025 7377 7646
3 7854 8475 8230
3 8156 8928 9208
3 9291 9347 9764
3 2117 8284 7100
3 1561 8775 3505
3 461 3295 1423
3 8287 4036 2932
3 9765 1385 6640
3 8004 8854 3273
3 74 158 220
3 374 510 572
3 670 1578 1727
3 1852 2054 2088
3 2253 2299 2332
3 2885 2743 2734
3 2476 2696 2919
3 3026 3111 3400
3 3446 3936 4082
3 4109 4757 4423
3 4414 4895 5027
3 5309 5822 5603
3 6150 5639 5677
3 5528 6239 6272
3 6378 6652 6512
3 6427 6885 6875
3 6709 7185 7421
3 7476 7843 7894
3 8867 8424 8772
3 8400 9037 9178
3 9254 9303 9589
3 9641 9735 9883
3 5616 8591 3715
3 2345 2096 5918
3 6639 9813 674
3 3420 1303 2018
3 8 64 165
3 196 267 492
3 1473 570 1091
3 527 1745 1691
3 1391 1995 2181
3 3048 3079 3331
3 3763 3693 3762
3 3447 4012 4080
3 4133 4195 4239
3 4227 4413 4583
3 4684 4868 5160
3 5267 5311 5388
3 5588 5685 5943
3 6718 6114 6661
3 7339 7670 6858
3 8090 6840 7486
3 6073 8227 8185
3 8100 8302 8368
3 9045 8458 8913
3 8389 9387 9258
3 9236 9645 9904
3 7936 1556 5090
3 2935 666 4695
3 9960 2331 5251
3 2598 3825 6762
3 1677 9959 4147
3 1081 1114 6756
3 5001 5592 8689
3 8384 1217 1530
3 216 1064 1022
3 427 1068 1243
3 1285 1345 1443
3 1567 1872 2042
3 2204 2248 2306
3 2349 2620 2910
3 3054 3119 3179
3 3290 3624 3658
3 4013 3588 3890
3 3349 4313 4519
3 4645 5021 5123
3 5135 5545 5604
3 5726 5760 5798
3 5936 6274 6403
3 7106 6750 6940
3 6536 7112 7350
3 7571 7801 7932
3 8113 8158 8171
3 8223 8246 8254
3 8291 8319 8735
3 8945 9076 9237
3 9950 9339 9622
3 6196 8119 1388
3 9318 7525 9818
3 4106 5989 683
3 864 948 6613
3 3942 5526 9888
3 5083 8320 9128
3 8911 5211 4473
3 4194 519 337
3 696 591 632
3 248 761 788
3 943 957 1076
3 1223 1803 1515
3 1410 1885 1858
3 1805 2044 2230
3 2790 2698 2720
3 2680 2801 3046
3 3270 3423 3684
3 3801 4065 4128
3 4243 4761 4764
3 5293 4944 4967
3 4930 5317 5395
3 5464 5554 5636
3 5642 6527 5755
3 5749 6281 6707
3 6670 6806 6918
3 7020 7031 7438
3 8620 8451 8536
3 8366 8906 8979
3 9591 9278 9309
3 9786 9409 9616
3 8936 9903 9969
3 9973 99 429
3 440 563 743
3 1112 1245 1247
3 1463 1468 1493
3 1641 1792 1795
3 1828 2017 2455
3 2507 2519 2581
3 2638 2945 3081
3 3197 3377 3384
3 3387 3533 3535
3 3571 3603 3682
3 3742 3931 4008
3 4084 4114 4536
3 4541 4576 4589
3 4593 4743 4968
3 4998 5202 5221
3 5228 5440 5552
3 5618 5634 5857
3 5999 6043 6103
3 6236 6360 6503
3 6710 6878 6991
3 7035 7113 7182
3 7323 7348 7450
3 7597 7705 7811
3 7933 8029 8054
3 8121 8512 8666
3 8765 8959 9127
3 9228 9290 9704
3 9740 9898 9939
3 3149 8585 7369
3 5052 936 7515
3 2459 2819 8777
3 132 2968 7819
3 4670 2246 7577
3 3484 962 7863
3 876 8240 8814
3 2723 7939 7368
3 942 242 629
3 222 736 993
3 2568 1663 1982
3 1054 2876 3039
3 3314 3768 3612
3 3500 3837 3907
3 4053 4120 4257
3 4266 4409 4697
3 4500 4781 5079
3 5458 5247 5331
3 5127 5491 5499
3 5661 5668 5701
3 6374 5960 6277
3 5789 6817 6829
3 7224 6996 7002
3 7429 7293 7335
3 6950 7535 7771
3 8760 8497 8521
3 9266 8813 9136
3 8213 9427 9661
3 9700 9955 9970
3 752 8837 9256
3 3457 8392 110
3 8991 7290 7208
3 3176 7101 2196
3 7950 371 2728
3 684 8636 4808
3 281 9267 8641
3 2212 5791 63
3 2499 6240 1931
3 138 140 162
3 1018 920 950
3 856 1109 1151
3 1218 1319 1324
3 1438 1506 1645
3 1741 2269 2473
3 2379 2829 2688
3 2580 2717 2888
3 3326 4042 4022
3 3915 4123 4234
3 5179 4658 4834
3 4317 4920 5220
3 5436 5456 5876
3 5995 6105 6660
3 6683 7089 6825
3 6765 7389 7235
3 7200 7570 7657
3 8237 7873 7901
3 7679 8323 8505
3 8528 8827 9017
3 9379 9331 9348
3 9257 9384 9681
3 9798 9902 9975
3 9951 5602 9614
3 7259 2475 3656
3 714 4090 1101
3 5651 9019 4916
3 2064 9894 3678
3 1013 7834 839
3 5048 3765 3024
3 1491 2548 7945
3 6170 7198 5360
3 235 284 294
3 352 475 637
3 1219 1055 1141
3 809 1225 1338
3 1490 1539 1576
3 1628 2523 2291
3 2097 2347 2557
3 2860 2967 3068
3 4216 3358 3714
3 4618 4280 4458
3 3219 4795 4919
3 5036 5218 5201
3 5137 5407 5454
2 5485 5521
2 6057 6019
2 5675 6406
2 6460 6684
2 6734 6982
2 7062 7122
2 7625 7853
2 7886 8195
2 8422 8436
2 8522 8647
2 8807 8817
2 8838 8963
2 9138 9206
2 9444 9462
2 4961 4405
2 9965 1115
2 1071 1004
2 9842 5945
2 4685 7937
2 1233 3302
2 2124 4579
2 3272 8152
2 3795 9986
2 5042 3647
2 9295 6677
2 7104 2141
2 384 7927
2 2070 2008
2 1734 244
2 107 190
2 237 262
2 410 503
2 553 1005
2 1189 1267
2 1315 1402
2 1489 1758
2 2251 2171
2 1826 2411
2 2474 2925
2 3478 3408
2 3675 3481
2 3033 3741
2 4035 3953
2 3909 4113
2 4274 4408
2 4620 4963
2 5012 5256
2 5748 5367
2 5353 5967
2 6072 6345
2 6807 6507
2 6379 6888
2 7180 7300
2 7227 7498
2 7599 7645
2 7649 7739
2 7760 7787
2 7794 7866
2 8017 7928
2 7909 8023
2 8099 8274
2 8329 8391
2 8552 8598
2 8672 9153
2 9180 9211
2 9249 9355
2 9658 9912
2 4702 7135
2 5101 6782
2 854 5773
2 4430 2115
2 6495 1707
2 8058 336
2 1164 1214
2 2080 4957
2 7540 7201
2 5046 4788
2 443 8639
2 2558 2922
2 7409 5214
2 4917 8063
2 1341 7896
2 3499 7825
2 5653 976
2 49 6702
2 7202 7961
2 1146 1830
2 4886 6381
2 4964 9307
2 390 606
2 967 966
2 623 1042
2 1155 1263
2 1366 1860
2 1956 1967
2 1977 2131
2 2174 2249
2 2316 2327
2 2513 2690
2 2739 2850
2 2930 3354
2 3731 3528
2 3392 3867
2 4115 4110
2 3975 4142
2 4515 4341
2 4288 4530
2 4698 4782
2 4873 4936
2 4988 5180
2 5217 5303
2 5369 5432
2 5750 5874
2 6014 6504
2 6679 6723
2 7038 7263
2 7287 7341
2 7442 7893
2 8083 8122
2 8377 8547
2 9005 8848
2 8844 9018
2 9066 9090
2 9493 9513
2 9544 9792
2 3463 4509
2 6176 9568
2 7313 818
2 82 4983
2 3792 8612
2 5295 6107
2 3047 7757
2 5772 7595
2 4135 5982
2 4874 3940
2 3607 2727
2 3096 5713
2 2228 2274
2 8338 9305
2 581 832
2 1057 1070
2 1544 1626
2 2076 2262
2 2521 2678
2 2902 3009
2 3077 3204
2 3283 3374
2 3501 3552
2 3560 3668
2 3848 3925
2 4070 4121
2 4306 4370
2 4436 4531
2 4700 4735
2 4850 4852
2 5193 5138
2 5111 5339
2 5670 5688
2 5852 6025
2 6106 6368
2 7046 6771
2 6488 7370
2 7380 7737
2 7831 7967
2 8292 8788
2 9026 9207
2 9244 9677
2 3896 6252
2 9926 2964
2 636 1353
2 3228 3566
2 8485 3309
2 1210 7136
2 4322 8608
2 887 7305
2 6168 1851
2 5310 7543
2 3293 4240
2 6550 4406
2 71 7516
2 4925 9433
2 8322 1988
2 9129 6935
2 1203 8745
2 7551 9866
2 1671 4940
2 119 277
2 505 979
2 1008 1083
2 1088 1103
2 1294 1386
2 1733 1459
2 1421 1794
2 2067 2084
2 2270 2275
2 2371 2630
2 2970 2976
2 3066 3159
2 3172 3666
2 3729 3856
2 3918 3995
2 4005 4037
2 4127 4353
2 4492 4674
2 4756 4844
2 5129 5196
2 5224 5242
2 5692 5842
2 5894 5914
2 5946 5956
2 5974 6044
2 6286 6706
2 6810 7164
2 7288 7539
2 7620 7891
2 7913 8078
2 8236 8351
2 8878 8657
2 8586 8899
2 8962 9039
2 9108 9160
2 9219 9352
2 9424 9563
2 9789 9867
2 5625 1955
2 9795 7145
2 9527 7
2 4185 1812
2 9872 8116
2 3437 4141
2 4131 5219
2 7579 47
2 1322 594
2 5383 7326
2 8465 2456
2 1450 3114
2 8851 9552
2 4167 7359
2 2259 4235
2 4637 254
2 187 239
2 601 612
2 614 704
2 715 785
2 1328 1633
2 2178 2021
2 2001 2225
2 2336 2468
2 2666 2704
2 2744 2794
2 2838 2857
2 3366 3458
2 3598 3634
2 3638 3971
2 4119 4433
2 4503 4540
2 4568 4816
2 4993 5053
2 5054 5091
2 5185 5289
2 5302 5580
2 6120 6135
2 6169 6249
2 6625 6610
2 6388 6836
2 6837 6979
2 7049 7254
2 7352 7295
2 7265 7568
2 7587 7591
2 7593 7681
2 7892 7979
2 8016 8181
2 8269 8526
2 8551 8719
2 8774 8942
2 8966 9054
2 9130 9174
2 9763 9728
2 9377 9781
2 3042 3142
2 9945 9
2 766 1094
2 1713 7231
2 5006 4655
2 1742 5652
2 1934 3686
2 7583 9539
2 9690 2686
2 532 5873
2 2962 4074
2 4561 9525
2 5494 7715
2 8803 9263
2 3844 4657
2 727 2481
2 3072 8553
2 723 1050
2 1895 4847
2 7083 434
2 382 469
2 496 578
2 681 762
2 765 1078
2 1531 1655
2 1968 1981
2 2003 2208
2 2244 2397
2 2479 2530
2 2605 2631
2 2724 2792
2 2796 2864
2 2972 3171
2 3260 3315
2 3565 3622
2 3640 3660
2 3683 3774
2 3820 3835
2 3948 4277
2 4429 4888
2 5358 5412
2 5655 5660
2 5765 5768
2 5781 5799
2 5866 6062
2 6099 6100
2 6262 6423
2 6487 6548
2 6599 6641
2 6687 6755
2 6801 6975
2 7207 7462
2 7517 7635
2 7918 8007
2 8107 8283
2 8399 8669
2 8688 8708
2 8792 8829
2 8995 9104
2 9199 9253
2 9392 9403
2 9437 9485
2 9621 9643
2 9729 9803
2 4112 6957
2 4475 6129
2 2759 7447
2 9235 4102
2 3357 8387
2 8250 9917
2 9532 2982
2 7088 4374
2 62 2293
2 2736 7196
2 8736 1946
2 3519 8332
2 954 3196
2 8375 7032
2 213 7648
2 7308 859
2 4320 8010
2 9196 9946
2 5163 2045
2 9063 6547
2 1591 1724
2 4076 2726
2 1418 5777
2 6882 1
2 66 141
2 250 295
2 363 455
2 504 561
2 619 775
2 808 810
2 838 1163
2 1623 1698
2 1871 1905
2 1933 1974
2 2109 2194
2 2391 2443
2 2471 2763
2 2810 3234
2 3320 3532
2 3865 3943
2 3958 4138
2 4256 4270
2 4411 4548
2 4570 4608
2 4820 4901
2 5306 5420
2 5706 5802
2 5997 6045
2 6083 6191
2 6247 6501
2 6894 7143
2 7548 7576
2 8095 8124
2 8127 8130
2 8354 8371
2 8550 8566
2 8781 9349
2 9364 9501
2 9593 9596
2 9727 9826
2 9835 9982
2 9989 15
2 73 155
2 320 539
2 588 655
2 914 932
2 1014 1251
2 1342 1360
2 1380 1398
2 1420 1500
2 1603 1719
2 2005 2111
2 2317 2369
2 2413 2588
2 2641 2643
2 2764 2853
2 2904 2991
2 3380 3406
2 3441 3461
2 3545 3550
2 3576 3766
2 3778 3831
2 3955 4241
2 4493 4601
2 5062 5186
2 5319 5477
2 5587 5590
2 5620 5629
2 6139 6159
2 6325 6418
2 6431 6475
2 6696 6722
2 6980 7021
2 7034 7133
2 7338 7448
2 7452 7589
2 7650 7941
2 8050 8096
2 8191 8192
2 8280 8514
2 8520 8825
2 8840 8914
2 9116 9125
2 9169 9287
2 9308 9353
2 9381 9388
2 9607 9923
2 7725 3337
2 8767 4619
2 5904 6611
2 8193 2060
2 9998 2342
2 2652 3689
2 6178 1568
2 850 9106
2 4402 2340
2 992 9119
2 3155 2544
2 5172 8644
2 1433 4638
2 4995 4912
2 4490 9966
2 3170 3672
2 1621 6558
2 2642 9747
2 2749 3775
2 3648 2085
2 201 120
2 586 5729
2 9344 8626
2 3757 9576
2 5686 6913
2 3542 6038
2 3781 7494
2 6534 7851
2 7451 8601
2 21 331
2 595 1052
2 1124 1143
2 1213 1327
2 1442 1592
2 1602 1605
2 1957 1966
2 2419 2409
2 2103 2617
2 2969 2818
2 2729 3007
2 3043 3045
2 3181 3192
2 3221 3249
2 3284 3403
2 3554 3562
2 3735 4010
2 4154 4219
2 4345 4924
2 5415 5582
2 5608 5715
2 5723 5746
2 5753 5847
2 5867 5996
